==== RED 1, 0, 0
test_np6
[[ 0.         0.         0.       ]
 [ 0.0583057404 0.254165649 0.0894527435]
 [ 0.9953251  4.339012   1.5270233]
 [ 2.774538  12.0952835  4.256687 ]
 [ 5.6776123 23.040688   8.710579 ]
 [ 9.721924  29.08194   14.891321 ]
 [13.861464  33.762222  20.972176 ]
 [17.86176   38.285065  26.528345 ]
 [21.746944  42.67778   31.582932 ]
 [25.534431  46.960007  36.149002 ]
 [29.237343  51.14662   40.233482 ]
 [32.865887  55.24913   43.839302 ]
 [36.42821   59.27684   47.06043  ]
 [39.930977  63.237152  50.204575 ]
 [43.37969   67.13638   53.300194 ]
 [46.77902   70.97974   56.351486 ]
 [50.132904  74.77173   59.361996 ]]

==== GREEN 0, 1, 0
test_np6
[[  0.          0.          0.       ]
 [  3.3472576  -6.9461594   4.6055145]
 [  9.263075  -19.071365   12.721571 ]
 [ 16.073368  -27.179245   21.063679 ]
 [ 22.537033  -32.656616   27.323513 ]
 [ 28.73896   -37.91217    31.878716 ]
 [ 34.732273  -42.990967   36.149246 ]
 [ 40.553123  -47.923584   40.29689  ]
 [ 46.2276    -52.732193   44.340237 ]
 [ 51.775368  -57.43344    48.29329  ]
 [ 57.211716  -62.040222   52.16696  ]
 [ 62.54885   -66.56296    55.969925 ]
 [ 67.796745  -71.01007    59.709312 ]
 [ 72.96368   -75.38858    63.391    ]
 [ 78.0566    -79.70438    67.019966 ]
 [ 83.08146   -83.962494   70.600426 ]]
==== BLUE 0, 1, 0
test_np6
[[   0.            0.            0.        ]
 [   0.337862      2.3195648    -8.712122  ]
 [   0.94181633    6.4659576   -21.846209  ]
 [   1.9272633    13.231476    -33.910652  ]
 [   3.3430424    22.874817    -44.532593  ]
 [   5.2307625    31.837372    -53.811886  ]
 [   7.6271133    38.03235     -61.792637  ]
 [  10.331377     42.424637    -68.89394   ]
 [  12.97344      46.681473    -75.80669   ]
 [  15.556503     50.84326     -82.56508   ]
 [  18.087685     54.92148     -89.18772   ]
 [  20.572681     58.925247    -95.6895    ]
 [  23.016125     62.86209    -102.08258   ]
 [  25.421867     66.73819    -108.37702   ]
 [  27.79316      70.55878    -114.581314  ]
 [  30.132751     74.32826    -120.70267   ]]
==== CYAN 0, 1, 1
test_np6
[[  0.          0.          0.       ]
 [  3.6851196  -4.6265945  -4.1066093]
 [ 10.085976  -12.092834   -8.131218 ]
 [ 17.118103  -15.477104  -10.323193 ]
 [ 23.792305  -18.59616   -12.403595 ]
 [ 30.19625   -21.588928  -14.399757 ]
 [ 36.38478   -24.481018  -16.328781 ]
 [ 42.39524   -27.289886  -18.202278 ]
 [ 48.254547  -30.028107  -20.028687 ]
 [ 53.983025  -32.70523   -21.814316 ]
 [ 59.59645   -35.328552  -23.564056 ]
 [ 65.10743   -37.90399   -25.28189  ]
 [ 70.526276  -40.4364    -26.970963 ]
 [ 75.8615    -42.929688  -28.634018 ]
 [ 81.12033   -45.3873    -30.273224 ]
 [ 86.30886   -47.812042  -31.890533 ]]
==== MAGENTA 1, 0, 1
test_np6
[[  0.          0.          0.       ]
 [  1.3331871   6.658577   -7.1850986]
 [  3.7163525  18.56115   -17.406364 ]
 [  7.6048775  29.71354   -24.558186 ]
 [ 12.353865   35.736282  -29.52119  ]
 [ 16.916973   41.487457  -34.272163 ]
 [ 21.326591   47.04521   -38.86332  ]
 [ 25.609318   52.443024  -43.32238  ]
 [ 29.784351   57.705124  -47.669296 ]
 [ 33.866154   62.849686  -51.91915  ]
 [ 37.865982   67.890915  -56.08364  ]
 [ 41.792812   72.840164  -60.17215  ]
 [ 45.653984   77.706696  -64.19229  ]
 [ 49.45559    82.49808   -68.1504   ]
 [ 53.202744   87.220856  -72.05182  ]
 [ 56.89981    91.880554  -75.90109  ]]
==== YELLOW 1, 1, 0
test_np6
[[  0.          0.          0.       ]
 [  4.3425827  -2.6071472   6.132538 ]
 [ 11.55323    -5.7919083  16.143116 ]
 [ 18.980896   -7.3532715  24.99825  ]
 [ 26.030499   -8.835159   31.476112 ]
 [ 32.794647  -10.257019   36.546013 ]
 [ 39.33127   -11.631088   41.441784 ]
 [ 45.679794  -12.965607   46.196682 ]
 [ 51.868675  -14.266541   50.832    ]
 [ 57.919357  -15.538422   55.363815 ]
 [ 63.84852   -16.78482    59.80462  ]
 [ 69.66948   -18.008392   64.16437  ]
 [ 75.39311   -19.211578   68.45123  ]
 [ 81.028435  -20.396149   72.67195  ]
 [ 86.58305   -21.563812   76.83223  ]
 [ 92.063416  -22.71579    80.9369   ]]
